20736
279841
5937609231841
99049307841
99049307841
9936041653866397696
78310985281
35255203390043470088249281
9810765383781184081281
9810765383781184081281
96717311574016
429981696
78310985281
35255203390043470088249281
9810765383781184081281
9810765383781184081281
98724923747368099600789107943634108416
6132610415680998648961
1242929366073332585705221191001097580278075597016961
96251117415599164174374834760092840014600961
96251117415599164174374834760092840014600961
9354238358105289311446368256
